0995294454
0664010271
0994880899
0994848479
0667775060
0666261528
0666261440
0952874151
0662520449
0984454889
0965088418
0950418350
0993469756
0679901171
0663783862
0995538275
+380 66 703 15 35
+380 50 759 87 10
+380 95 291 06 90
+380 (97) 558 92 00
+380 (66) 623 37 10
+380 (68) 404 68 02
+380 (97) 125 14 00
+380 (50) 603 48 15
0 (66) 585 14 24
+380 (50) 574 49 06
+380 (99) 196 55 28
0 (50) 015 22 19
+380 (50) 477 06 76
+380 (50) 772 80 41
+380 (95) 712 20 32
0 (98) 419 94 23
+380 (50) 023 48 10
+380 96 842 7775
+380 98 232 6522
+380 68 872 0088
096 594 0101
067 396 0364
+380 68 658 2278
+380 68 063 6795
097 628 1771
066 993 9448
+380 67 196 1704
+380 96 646 5053
066 849 3610
096 457 1920
098 996 9345
097 400 9994
0664010271
0987311238
+380 68 720 0642
+380 95 910 8472
+380 68 704 4764
068 343 6571
+380 99 006 5453






